  0            4   0.70710678118655     2.82842712474619     0.31316552884360
  1            8   0.38268343236509     3.06146745892072     0.08012519466908
  2           16   0.19509032201613     3.12144515225805     0.02014750133174
  3           32   0.09801714032956     3.13654849054594     0.00504416304385
  4           64   0.04906767432742     3.14033115695475     0.00126149663504
  5          128   0.02454122852291     3.14127725093277     0.00031540265702
  6          256   0.01227153828572     3.14151380114430     0.00007885244549
  7          512   0.00613588464915     3.14157294036709     0.00001971322270
  8         1024   0.00306795676297     3.14158772527716     0.00000492831263
  9         2048   0.00153398018628     3.14159142151120     0.00000123207859
 10         4096   0.00076699031874     3.14159234557012     0.00000030801968
 11         8192   0.00038349518757     3.14159257658487     0.00000007700492
 12        16384   0.00019174759731     3.14159263433856     0.00000001925123
 13        32768   0.00009587379910     3.14159264877699     0.00000000481281
 14        65536   0.00004793689960     3.14159265238659     0.00000000120320
 15       131072   0.00002396844981     3.14159265328899     0.00000000030080
 16       262144   0.00001198422491     3.14159265351459     0.00000000007520
 17       524288   0.00000599211245     3.14159265357099     0.00000000001880
 18      1048576   0.00000299605623     3.14159265358509     0.00000000000470
 19      2097152   0.00000149802811     3.14159265358862     0.00000000000117
 20      4194304   0.00000074901406     3.14159265358950     0.00000000000029
 21      8388608   0.00000037450703     3.14159265358972     0.00000000000007
 22     16777216   0.00000018725351     3.14159265358978     0.00000000000002
 23     33554432   0.00000009362676     3.14159265358979     0.00000000000000
 24     67108864   0.00000004681338     3.14159265358979    -0.00000000000000
 25    134217728   0.00000002340669     3.14159265358979    -0.00000000000000
 26    268435456   0.00000001170334     3.14159265358979    -0.00000000000000
 27    536870912   0.00000000585167     3.14159265358979    -0.00000000000000
